9793
5840
5648
25
8037
5677
8668
6938
9374
9500
2716
2650
1999
7007
5435
6033
9357
2271
4037
1546
9795
8238
8442
783
1076
4863
4754
9122
1173
8335
4499
9428
5741
313
1088
1427
3335
6163
4945
567
9649
2833
783
7901
7279
885
4443
3219
6470
3902
6702
3082
4583
2305
8537
5366
7444
7018
3926
6059
9628
6584
2483
1472
417
4391
7066
3421
9747
859
4280
9263
6081
1945
8330
9789
1119
6101
468
2887
3187
5778
8474
2816
9036
5940
9775
9432
6578
1440
7812
8083
8410
6226
316
4744
3192
3053
7292
84
9148
1477
3088
2480
746
1995
973
8034
7570
5059
5916
8816
6477
7331
6638
5597
8522
9395
6297
4800
8256
2534
3378
7511
5393
5547
5060
2285
8386
3561
4814
9493
2002
127
3094
2974
5637
3087
4145
9287
5526
4316
3088
5737
9509
4089
5206
5570
1764
9970
4444
4273
6849
4946
9049
5407
3221
3174
3236
3153
1508
1697
369
1994
2376
1690
6404
827
2027
1705
8330
3456
4518
6052
5062
6820
1288
5503
1008
1724
6781
6007
5545
7545
5426
1885
7062
1669
3270
5780
1582
3312
2374
2232
3240
1260
6901
9585
3949
3502
7007
8111
2942
257
5448
6693
3190
2394
8332
1979
7794
2127
173
1545
4199
1381
8288
4464
4603
2294
6412
6889
7619
3977
3570
5799
3229
9019
5221
7841
9793
675
918
808
9431
599
1457
1370
5543
4398
3605
3075
614
1337
6798
8086
8128
1217
6258
2576
6543
8913
9802
1768
9066
2700
3696
7275
9844
9685
3814
5287
6564
2316
3216
4964
7681
7907
2972
4401
7584
9728
9522
9974
1622
657
307
6997
8832
7762
222
9590
5939
236
7142
2148
7074
5548
796
8584
5482
2705
7620
7957
1917
9196
7767
8808
6576
1750
3949
4880
5191
934
3543
2528
771
4800
839
4891
6763
6802
2357
7548
7421
175
3
7697
2689
202
8936
6556
2647
4143
207
7972
6877
5095
6549
8928
6022
8124
3802
4344
5310
6818
1210
948
464
9114
5593
9877
752
3282
1072
1303
8900
5422
7400
7517
5175
515
331
3263
1304
7155
7866
8241
2017
9614
2060
8781
647
1954
4175
9059
6974
1181
2957
1103
6260
5991
8901
2972
6179
7909
5602
5171
4700
1964
3778
482
8704
1091
3982
9420
2918
7197
9040
4643
4541
7897
3707
4347
6484
4932
156
6650
3133
4119
190
5345
4430
7049
3117
4094
9028
3189
582
1562
2230
258
9185
4270
9376
2184
3898
1581
207
5407
9909
3911
4682
6542
897
6701
5672
5020
6164
4924
7309
712
5827
6385
7391
2359
8809
6130
4010
6781
7750
4430
6335
1824
877
8742
6652
7975
615
6417
8869
4495
8495
1840
3509
7673
8092
4058
3660
5466
9005
8395
9631
2669
3679
41
2224
6999
365
3184
957
3151
7895
8897
281
4398
8981
241
5153
9352
4490
6979
3300
4614
4670
6522
7277
2760
3489
609
653
6517
5042
1820
5309
8153
3313
9524
7354
5841
496
987
9186
6566
4844
9086
5303
6513
7309
4740
4364
6171
1933
2203
2376
4791
4146
7500
3054
2493
7765
1234
5177
6361
8967
1240
6639
8204
8630
2427
4063
3337
473
1586
3562
8325
8761
1443
9174
4219
9660
9638
5160
7634
9521
4546
6283
6619
5080
6719
9176
2103
3841
2558
2418
2897
7655
5867
5327
3548
8632
7470
5851
835
9288
2601
3481
4578
5382
7326
3775
8792
5202
2712
5062
9869
1302
374
9154
3568
651
9635
840
8880
9162
3594
9944
1716
1207
514
1231
2437
1673
9386
2501
3605
9723
9218
6741
8906
9981
9805
1753
4237
5031
7067
1200
8110
2577
8505
9664
3326
8196
9526
7725
8512
8618
2492
9529
7754
8497
1393
7436
629
7724
1195
3234
5610
4961
7643
7049
4300
1716
6480
8864
8472
7624
3950
9352
8712
1835
2798
7949
803
9676
2503
2265
3734
2691
1633
7250
177
9221
7195
6433
8516
1792
8921
9321
5967
5856
6430
9141
4019
6818
4109
9943
7393
2298
1058
3740
8499
9374
7543
2061
8361
2157
8150
5825
6707
9446
2436
7878
9348
4072
8478
368
9254
4223
4924
5401
6239
8422
4785
1217
7264
4109
7860
3221
7502
3616
821
715
3644
2261
9476
6371
4886
9208
5777
5529
6557
9322
9586
4229
2582
4339
6214
8034
5726
3027
7090
6470
8424
1518
9210
8403
2076
227
5723
2899
3963
929
103
3663
4353
2949
972
1298
1984
1600
9472
8949
2983
8424
2237
1903
9921
4978
7323
5008
2904
3467
1353
2930
2509
2121
4789
67
6443
3968
4612
5479
665
8637
1103
2842
7295
6625
5130
2375
9317
6440
7903
8485
2640
6328
1286
7906
2655
8649
2002
7531
1889
5941
7562
1582
4482
8912
4174
6570
1946
211
5092
7953
4778
6986
3148
9297
8851
2953
310
6256
8511
9865
5244
9022
3215
3796
2739
970
1128
738
3756
658
6638
3381
3560
1563
9187
2061
10000
9770
3134
9794
8460
1998
4634
6616
8058
5438
2690
7341
3284
5574
5207
4068
7216
2091
4568
5321
1760
4150
8934
9754
5134
8423
9509
9956
8183
1823
4439
5383
8893
9467
6989
1835
9328
500
1713
958
9309
7056
2032
6562
4825
9406
286
2389
9765
1991
201
7639
9810
9674
6639
8640
4904
8575
7278
7815
9816
3256
2522
7535
1827
8517
5544
3005
5241
5314
245
6645
1341
7144
6297
5375
9246
2975
5695
6544
2171
697
5170
4768
7844
7892
1903
359
7701
9239
1917
3511
758
742
2697
2903
1371
1988
5067
5144
871
3409
8404
9266
4788
9318
8756
3131
7209
1131
1219
5746
8684
9751
6312
8850
3847
574
4573
106
1367
180
1423
5432
557
4895
630
5748
9573
5227
3049
2104
6899
5760
4540
3007
5529
2178
1603
5293
5894
7780
8091
741
6191
6778
5237
8480
5292
8051
1344
8866
87
4674
1821
780
4623
2835
4668
9572
3168
4921
1507
3270
8937
3188
2594
791
3948
803
1221
3779
4647
1025
2325
6964
5032
9015
9654
6808
7020
8284
5374
8893
5848
3823
897
7673
8682
3426
3574
9910
5958
5000
4284
3786
4148
1482
529
5259
6587
9866
5776
7408
4650
8225
1408
1901
1666
806
4868
2721
8412
5840
2517
6092
8314
5025
695
3593
4082
3291
2097
1023
935
5879
6862
2624
5783
414
1674
8487
4323
8889
214
9279
6411
5144
9859
8898
1731
5530
9403
5007
8908
270
2770
8071
5547
149
4328
3051
2343
6249
8491
1579
4247
1731
4740
7002
2172
5571
470
4295
2693
8585
811
1083
1174
2825
100
922
8665
3120
9778
1672
8383
5383
4994
9970
4721
8088
9793
5812
7394
1384
152
3759
8497
7604
6731
3391
3855
76
7088
4317
3701
9352
370
3888
587
3685
3711
4695
7427
866
1688
1654
942
9955
9331
348
919
5529
2342
3303
1341
4646
6836
8565
920
7457
5160
6298
8757
1099
9981
220
9911
3889
6690
274
6834
2782
6157
9828
6478
6168
8501
8030
2635
368
6824
4419
5631
2298
7074
9448
9427
4168
6295
3206
5077
6230
5103
4507
5811
2800
3535
3317
2637
4835
8772
3288
1133
6744
5493
6186
6616
4691
3487
8227
5899
3029
1620
8029
1643
1814
5709
14
2412
8012
6222
6568
8810
4082
9305
1191
4204
1238
6047
9928
8969
9380
7895
34
5712
9740
7019
7249
3762
5489
7269
1509
5905
2394
8369
1989
6385
2518
2503
8174
1815
8277
6057
2651
3588
2876
9801
7853
1202
6370
6910
4431
276
6448
2662
3875
8834
5552
4584
2911
8748
6437
1449
6463
4794
2595
8859
3720
4024
5627
992
7439
2619
8017
5464
4053
6864
1226
5584
6084
6394
402
777
4786
138
1728
9637
4093
8001
9980
4222
6133
8178
4324
6448
1920
6421
1285
2668
2246
9615
6546
3933
5787
1093
5316
936
225
246
7527
6405
8460
4987
6719
7557
3059
8181
5726
8080
9422
4441
6915
3024
9734
7228
1535
9408
2846
6375
4522
2180
7984
7389
4562
1518
1656
1719
8370
4541
94
3991
6089
1154
1938
5333
6964
8425
4030
4104
9969
6778
2627
3659
2074
1447
1415
8369
3273
1777
7963
2727
758
7150
7465
4777
8630
9514
8128
890
1670
3153
3989
3528
5549
5422
2775
1761
5048
1990
6061
3470
9360
447
7466
2169
9464
194
3544
6897
544
3089
9989
3044
7413
8924
1155
7034
685
4706
6870
6112
2442
8687
6417
6084
5366
6694
3252
2847
8518
3831
4618
7298
753
1492
632
5017
8623
3512
2374
2393
8992
2188
1693
8982
2776
9291
900
3254
5533
9917
787
8545
5417
6270
9764
2890
6615
1301
5762
5383
8188
4216
5969
3510
7433
7140
221
4220
4955
7885
7948
8441
4134
4582
771
1245
1136
2177
4721
4536
5824
1582
7252
2854
8673
3534
3257
7651
557
4864
4476
2500
6085
64
3866
6744
4327
3332
9174
7944
9904
5312
2548
3863
2142
171
6396
7754
6491
1100
4310
3010
1297
4583
5331
6379
4841
2084
5005
8210
6566
6097
9209
6212
7926
3972
5804
5904
5570
5575
42
1573
8366
1381
1687
6653
9992
2567
8701
7701
6243
9366
7963
6169
2269
649
3169
3220
7623
6375
6577
3580
9025
5314
8229
443
7765
6147
4108
4481
1287
2029
7369
901
7041
7305
3860
7676
3022
4909
9477
9304
2909
2334
8608
2266
8703
5301
4948
5673
2595
2309
3963
439
6898
550
5249
1554
3497
6522
1878
306
6291
3748
1311
29
7642
513
6294
9028
7198
8320
367
9323
8825
1298
9468
6613
5800
9292
9409
9656
6342
5698
3938
4028
984
496
7911
8671
4016
8763
3186
8647
5024
408
6711
8088
4627
310
9631
6160
2845
6479
1790
8092
6362
1045
8855
3929
8869
2425
733
2855
8902
7198
5388
7717
6680
2936
7213
5994
157
3409
246
3877
4942
6089
6745
8384
9713
6065
918
5348
9062
8511
1258
8126
5021
4557
7189
8561
600
4889
7213
9130
4763
1555
2967
9846
9447
5882
4797
9861
3858
5407
7950
3703
5768
6415
2187
7460
8468
7588
9233
3655
812
8606
5658
2460
7771
1328
808
825
7605
1345
1090
7868
5345
7636
6897
9421
957
5780
283
409
9637
4816
506
6623
8467
4719
8095
3638
7143
321
4481
4785
5597
3707
2840
2359
269
6060
4287
7422
2052
3084
3761
4526
548
7291
3032
1424
5631
1023
569
3669
1775
9204
7421
2553
1150
3768
3643
8115
4338
1033
485
1569
186
1530
2174
538
5701
5889
7709
5452
5975
6712
1022
730
3369
5820
1894
7609
4412
8918
8922
7118
3647
893
6265
341
1048
7996
7322
2871
7985
6335
2167
4781
2433
10
1473
3106
313
2510
5502
4170
7614
175
3466
102
9840
7284
2793
8512
5595
9372
3315
6526
259
2729
739
2313
1506
3513
2642
2194
11
238
17
4841
1386
6869
380
5056
7262
3171
7759
8813
2377
7782
6121
2940
6085
4485
9172
3162
1885
9085
4149
8665
7697
391
5256
5660
6206
1985
3967
6462
2775
9180
9494
732
1662
8981
50
6384
6414
5028
1937
7441
1656
2757
2491
9401
4117
5885
4321
239
443
9194
2938
9274
6436
6150
6117
1708
7584
1954
7686
1837
4220
6574
812
4239
3604
4659
7337
9629
4571
8146
9562
9681
3843
6161
7894
780
6995
5577
5554
6690
6997
1946
8196
3383
9934
6478
6789
8269
7472
6644
6159
1308
4676
4360
6482
7986
9240
6432
5689
8606
3924
3722
2821
932
3942
5334
9005
4180
8186
4619
8254
8764
9315
5618
6660
6596
3523
8119
7827
6631
1598
8468
5407
5227
8372
1024
3288
9688
5288
5801
1485
104
6620
5244
9222
328
2779
125
3364
4793
6518
7373
735
9480
6990
8898
4372
9652
5428
9164
3505
4946
3144
7410
2064
4092
9660
9503
5719
6379
9365
2207
3395
8958
4122
4795
8261
8488
9622
1240
125
6261
333
8635
32
8219
3588
9726
62
9245
2346
9161
7757
9804
4417
5368
9615
2130
3680
3839
8476
8529
1166
291
7987
1397
7787
5614
4310
8854
3400
7064
2616
5225
4227
2107
1114
5842
2250
7044
8338
111
3281
1440
4360
3267
6703
1806
1792
7865
1256
840
8678
492
1510
9733
425
2828
7724
8373
2947
3791
2541
1866
5443
4750
4674
2113
8421
489
6413
6233
6480
5511
9915
5165
4719
8033
1027
9844
2186
2038
1189
808
5295
5660
7478
9001
8586
5420
2628
6591
4629
6878
9951
9385
3662
457
1606
4723
326
7960
3211
263
3500
8979
3366
3849
4050
4960
5207
4632
4720
3455
4015
6507
9968
5511
5908
954
9480
713
3449
5594
4219
1964
5061
7900
5249
3145
2078
9359
3962
9890
4782
8559
5944
3391
9214
256
514
4779
4807
9761
9728
8028
1477
1663
8443
4089
2480
1654
6501
2637
1898
4313
1870
2583
844
3641
710
6410
3004
2301
3695
8137
9551
5178
6443
5088
7807
1453
3223
7441
4360
864
7054
5666
6246
8433
4448
4211
5818
4276
3744
5583
1822
2113
774
5156
8693
1827
3841
1646
6652
5471
3737
2080
9974
4008
6279
3026
3496
8905
7332
9311
1093
4119
22
492
6928
4792
690
4092
1607
6248
7368
7566
327
2596
3101
6895
8610
9913
5235
4934
6968
2800
560
6150
1246
893
8237
9373
3358
2690
7031
2979
3281
1584
7475
906
9441
8488
9056
4528
789
5688
6821
6825
9517
580
4745
4041
4434
6866
4021
245
2494
9794
7997
4265
4897
8617
534
8445
925
8274
484
1435
2352
7799
7886
2292
5936
1623
5111
1377
9841
4895
588
8143
8422
4142
1463
7033
6611
7379
1427
5030
8654
3306
5874
2825
5709
8392
5330
3920
4436
7982
1490
3879
7254
687
2955
3084
6158
9286
6175
4628
2398
4631
7588
5847
669
9900
2116
6662
7701
3775
8904
7765
8042
6790
783
1282
4193
2583
2605
6081
8657
2004
8354
2847
4760
3448
1184
9504
6370
207
4181
2876
9735
8361
7371
4637
7416
3550
4840
7504
3148
4128
1381
4271
6943
3359
8491
6496
9562
362
9257
9165
3649
7076
7068
7288
9891
4868
3362
5981
723
8057
3258
8496
2969
3479
3108
1346
7588
4617
5007
8476
3821
1170
9104
7658
8577
5445
126
1526
1979
2882
8531
6767
7913
9310
3488
6802
3550
3435
1682
6895
5500
3795
5114
688
1299
9842
2321
3043
309
9178
104
2862
8801
5231
9152
82
1864
3988
2540
229
9880
8278
9324
129
2766
4497
6739
4124
7789
6603
8323
8964
3051
7236
4331
7198
8026
7609
9472
7177
1670
9743
3794
3191
841
2630
1882
3844
8093
5858
2266
8608
2088
6183
2568
9852
1665
7461
380
998
6109
1258
8912
3787
9272
2278
4479
6465
7959
8429
2715
692
1054
3398
6468
485
6050
4319
7276
3231
3727
7489
6437
9862
7194
5740
161
2548
714
7386
8671
3478
2214
9461
1986
2587
9346
460
4403
6955
6278
1969
9239
7044
1111
4602
4989
7829
7497
2979
5959
203
964
3920
2461
9420
4283
1208
7384
2032
1955
5941
4333
228
4719
9598
6813
1910
6812
4008
9860
1004
7720
3936
3892
19
51
9870
652
5734
7183
668
6203
1169
7192
3826
7198
3796
4570
5111
8615
9039
6526
258
5826
2502
128
9812
2218
8956
6407
4278
5784
7402
731
4569
8017
8041
7019
6345
3413
1905
3049
1472
5006
3190
8281
5093
4087
6738
452
639
5112
7792
9562
3814
9263
9531
5711
6837
2487
280
62
7947
7360
5002
740
481
9076
2290
7305
109
2526
6553
4692
4434
2863
6778
7701
4081
6722
950
7064
5202
4686
918
8551
1072
5110
5995
9435
4498
5115
9320
9443
8890
9506
8328
439
7297
3720
9333
545
9511
3521
8896
453
2432
1449
1610
3663
1723
2937
6833
7939
5436
2484
3733
4590
6652
4937
9797
3739
7458
5671
2510
8010
3814
5076
8772
7144
684
3353
7067
9913
9045
6483
6904
9089
140
7259
164
160
5060
9660
1439
6458
7163
7843
2668
4885
5849
3139
1534
1125
3914
9109
6988
378
8509
9832
887
9951
2389
7133
4768
8404
2260
4131
4078
6527
3711
5393
779
8801
4549
9354
3267
1847
2449
572
1043
6611
2195
9229
7991
7990
6342
7059
7980
9417
8540
8923
3645
4258
475
5036
7040
7008
94
5303
5937
4502
8974
6140
1137
8526
5440
4014
2734
3146
8120
38
4604
3391
5120
1367
3276
2230
3089
2985
6287
7570
6376
2369
3858
9175
6262
3438
2736
6433
2981
2097
6597
5616
2196
8229
8048
3255
1465
8906
8156
1054
2820
2627
591
54
8150
696
5378
2605
8336
3039
9617
6405
767
2947
5491
140
6458
8255
3132
5970
2228
8114
4521
122
4772
5007
6303
7322
7735
2230
4556
6823
7358
4420
7594
4097
7881
5297
7599
9986
6999
2437
8965
197
956
9288
3542
2849
6977
5613
1639
2066
7066
6872
2696
4293
1127
6169
1633
3258
62
5405
2505
1776
5155
5672
3275
9633
2728
649
2807
2202
1220
2224
4362
7456
6309
2724
1440
6235
4504
8522
4475
8568
5123
2133
3509
7451
2099
8567
4267
5973
8963
9038
7177
2089
2926
3986
5164
5692
130
6435
4682
8669
361
7112
4618
9264
8648
5111
368
3328
9135
4871
1215
8444
5850
2290
995
8100
5209
7426
4609
9652
4143
4210
3707
4607
2373
2702
8552
309
2616
206
7209
3850
4603
3236
4420
3948
7898
6309
5653
408
7299
3162
6303
1198
989
4878
6187
2194
4283
4022
1685
1740
2676
4096
2210
5927
4994
6446
1699
9453
4862
5723
7616
3629
1509
7393
3830
106
1281
807
992
9827
6531
5468
9168
7907
3859
284
6887
4570
1951
4029
247
4091
5663
8855
1778
6157
573
2490
2871
9369
2228
5655
247
8247
8103
7728
3435
5814
5241
722
8374
8516
1340
9027
732
4812
5859
2671
9436
4613
6574
4552
4170
1434
7294
3488
7886
9691
2379
5592
3561
3675
1407
1044
5901
7748
1472
6083
469
7641
1816
4888
3071
8996
8952
6222
3599
6102
471
1804
9736
3409
406
4032
6638
8627
9267
4788
7546
8029
9917
3300
2148
2794
122
1301
6144
2896
7627
9949
768
5751
540
6870
9037
3208
7926
1987
1114
9174
1682
3870
171
5561
1489
8721
6881
1184
810
1846
2115
44
4296
2158
9839
1986
3464
4062
9659
3247
1877
1235
7902
1894
1675
2186
5754
638
7912
1241
838
6591
2140
9897
5163
3014
6929
7914
8396
7013
3204
4849
2278
2461
7077
2184
7739
4114
2792
3301
1338
945
5878
5593
5749
4550
358
4074
7931
9125
5826
2108
6770
4209
4380
8054
2667
1280
5234
4821
5468
5094
9874
2418
2615
2695
9893
4256
9076
8741
2691
5832
1931
2735
2862
5897
114
6529
301
7735
1528
1936
3054
2200
6882
9692
2762
2350
9941
2476
6507
6112
8107
9230
4347
7894
5513
1326
5261
9046
8033
8098
754
6200
5466
3333
6279
1573
3654
3682
5151
7338
2160
8930
2168
4321
6678
4381
201
8245
8472
2930
6412
3382
5969
2682
1893
6487
5333
7243
7482
6803
8130
1340
4591
5096
8974
6482
581
4207
7909
7232
6906
7596
1364
6895
5646
833
3760
3623
1616
2333
7362
4828
3261
5315
7865
3972
6972
375
5307
4801
4924
1399
1282
7099
5114
9141
8720
3755
1386
9193
8111
2810
6978
6857
3089
1410
8281
446
6032
5760
2768
2171
1082
7266
7680
8685
586
4240
2113
4265
9002
4493
2019
52
8865
1414
8318
1395
6228
8494
8832
4639
1343
6750
4982
9501
3845
8637
1588
8433
6532
4639
7074
7370
4953
9070
7092
9171
2649
6874
4777
8717
2656
2094
6173
3203
560
8912
6200
2552
253
9344
5838
8006
3534
6597
1602
2724
8428
5969
2133
2632
3402
4681
4605
1316
7489
4044
838
9776
8035
5057
5016
7403
7346
2529
78
5217
8116
6396
8513
6952
8749
6106
8329
8467
9993
4098
1791
8564
9908
611
8150
6810
4471
9916
7402
6747
760
2955
1991
8881
3357
7364
8617
5348
3198
3127
9026
7947
8442
5040
287
4046
9180
2783
8459
135
2489
3004
7550
1746
9870
6111
3286
848
6364
8280
1511
8525
2694
1714
5249
7534
8877
1480
3939
4329
8610
269
7333
8122
481
1228
4198
5592
666
1158
5837
4519
9646
6128
8083
5193
7814
6847
2350
7613
9249
6811
6089
9293
477
3373
161
7366
5726
3690
4849
5604
5188
7384
6455
8517
8661
7474
5836
1516
7908
2644
2911
9570
4017
4702
7794
5907
3381
8041
1073
6730
5122
6475
7493
7296
1080
2874
9008
9483
3291
432
630
5451
9840
82
3382
7649
3281
6361
9264
6573
4005
5133
3283
2845
2714
4044
9692
6400
2551
7594
237
5780
7743
8873
4036
1907
849
1792
169
1423
7823
5730
4194
3457
2153
929
6006
7885
1890
6838
3864
5300
7649
5572
9619
6742
2113
7409
2033
3525
8283
8484
5467
1438
8890
9191
3408
651
2660
9605
7833
4105
7748
28
1715
6437
3278
9942
1488
9621
2273
5947
9993
5502
2246
1341
7601
3393
9783
7319
5243
1793
3336
3673
9897
4656
6326
7765
3851
1190
641
3790
9154
8366
7227
374
1493
7667
8200
1253
4716
2151
996
174
5344
4960
3462
9499
5770
7025
7026
3858
5098
3213
1801
2201
2185
2515
2295
527
6990
8026
8391
8030
6945
4602
5494
4726
5619
2995
5695
3130
7875
2508
2050
7665
5042
790
9526
1072
1919
2386
6003
3667
2991
967
9593
8593
5863
3037
3291
2663
9677
46
9101
5407
9971
57
8412
5008
3785
4710
6179
374
1429
5671
3755
8727
6931
4204
610
4723
2691
9102
9651
3844
4218
1219
8963
7157
6857
7350
8588
2879
7360
2125
7365
6768
330
544
6588
5172
8301
6840
284
6118
6840
9143
2634
2111
6961
2463
3016
5551
4654
4201
9517
4251
239
1437
8646
7522
9184
4295
556
8211
290
8726
9899
1878
8111
3474
984
7593
4651
6143
8754
4408
7721
3177
970
7185
6611
2659
2790
9156
3377
1233
5010
5468
2752
8333
2845
9923
5703
1267
9123
1824
8478
7308
5548
238
5600
2020
2647
2728
6321
1652
3820
2268
5128
9477
7107
7593
9653
1632
9359
1525
5825
8938
5386
9727
4049
9082
6493
4501
6621
7372
4489
2250
4348
1579
7776
2036
232
3813
5314
5237
9646
79
2264
5321
5320
3506
8614
3986
8829
5639
7633
5545
4554
5784
3453
8231
9760
1087
7874
6458
982
3224
3064
4543
1349
6358
2440
9015
7546
1095
9666
2555
9577
6403
1762
4929
2681
7727
891
4720
9562
4413
3087
9970
3719
1720
395
3688
7310
6472
175
1789
3305
2670
5752
9386
9076
7864
4683
7103
7978
1911
91
6238
6276
8699
54
2733
943
858
3376
9336
5554
8303
4806
4871
4290
4977
1427
3258
5742
9511
4
9882
4959
3929
475
1108
810
2621
682
2613
9499
3213
1510
605
4090
6439
5566
9689
9953
5258
5660
1114
4666
3406
1039
4121
6076
8999
3526
4613
3924
7349
1434
2082
243
258
6782
8502
9609
8183
251
8702
4320
5694
5427
2934
5460
6758
355
3594
6235
7988
2008
5445
1918
383
1989
4026
5020
4087
2948
195
2760
615
6232
473
4334
1984
9073
8177
5251
6957
2035
9085
8414
3276
5668
843
7560
8495
1699
5024
3502
2618
9658
6741
3995
755
2134
3396
5469
5582
4467
7734
8214
386
9249
472
6121
1976
5609
9790
5683
6550
1356
1198
8186
1573
1386
1277
4684
3449
2373
9535
3534
2430
8832
421
2992
7504
256
6087
3805
8091
4249
6546
3148
4231
1257
8825
6936
3637
1005
3930
8306
9811
4191
5490
6091
3948
1235
6532
2426
1298
6449
5551
696
6506
2481
9238
7569
7925
1679
7015
1552
4501
5329
9993
8293
8431
4655
4451
6199
3626
4325
6386
3598
9536
8913
891
240
8463
2552
8481
422
7374
3698
9844
602
4418
4999
8046
179
3512
3782
8155
8894
7018
1958
517
2579
7611
8156
4271
1499
7314
3429
5648
8271
2926
5006
8226
2684
5138
8676
5732
4138
6140
9390
6470
6676
1631
625
7843
879
530
4121
9737
157
427
5350
4191
7266
268
6345
1600
213
8454
5163
1705
4472
7275
610
6658
6016
6591
1692
8244
7593
3666
2432
5008
9861
3795
4176
430
1887
7677
6049
3146
6964
3831
805
2504
1572
7224
3483
7525
1290
5312
7387
919
484
3947
3187
2204
1546
6113
8532
5462
6325
266
2736
4066
4399
9451
5527
4883
3495
9069
8581
7084
7881
2699
8003
6895
5710
9241
6741
8003
6496
4614
3628
2796
5456
4808
8623
5501
3025
850
1030
4792
2375
3673
8493
7550
2346
255
5466
4391
8739
8825
4935
6745
7308
6515
8863
6129
3366
4717
2075
5234
6391
8976
2572
6548
7015
502
4160
3611
1252
6486
1572
5002
384
4634
993
7514
4361
3566
6061
2805
7204
4528
8285
96
8797
675
7803
7130
1258
1456
6872
1206
4142
8692
6724
5266
2090
9209
4673
4939
1954
7239
3589
6384
775
9474
5117
5917
8221
5387
5418
8318
9264
928
6028
434
1916
6732
2120
9520
1537
4561
7799
4251
3035
3224
1054
6659
6131
1060
8035
9059
5143
8078
708
3121
8371
1683
7507
3493
6088
3524
6154
1264
3004
8000
8449
9567
9041
3211
9863
8449
2073
2867
1473
4272
5877
3252
6221
6678
9123
8757
3787
7890
5805
8960
4270
5786
8221
6764
2640
4216
9117
7491
9649
6240
2695
5385
4870
7208
7922
2353
7680
8301
9880
3859
9175
7933
9013
50
1635
3314
3247
6043
9767
4398
5715
1850
8641
7199
1778
746
7231
1968
6108
7913
9047
1038
6626
9415
479
1084
730
5757
4048
9291
8114
5422
2628
4569
650
3997
4453
8615
175
5758
2331
7397
406
8342
4351
7406
6908
173
4836
6201
4475
7306
7045
4577
9663
6045
1943
5398
6504
1978
4518
4428
4236
5318
1372
3420
7442
4052
3687
3410
5048
840
5347
4911
478
5775
5941
7421
4060
779
2400
9066
2935
6166
2750
8007
5122
5763
9463
1868
7710
3974
8710
7537
1831
9290
2513
3352
6103
4344
8938
2113
4174
5250
6419
9287
4808
511
8792
6792
6114
6147
5582
9311
7148
691
2608
9939
4467
9477
7440
2135
7508
7948
7650
7941
3481
7099
1098
9191
5834
8595
3636
2513
6261
4233
8276
6707
7802
6088
527
1147
8228
6422
1192
832
4627
3670
6128
3443
1010
301
5956
3526
5426
3365
5536
4868
8428
7536
7422
8143
9768
3047
685
7469
3257
1256
2740
9759
3922
7861
2883
8667
5680
2436
3268
6821
7170
2960
8489
7033
1669
4330
3295
9482
3768
6627
2630
9552
4892
6147
1398
6701
2366
2320
7285
9435
1082
8989
4617
1858
5217
6614
6023
1084
3653
8623
7728
2470
7189
9162
1122
7339
1208
1350
9669
7811
8434
7767
6868
7957
2010
7583
3467
9864
2572
9180
955
9408
4081
8683
4219
4237
4386
4381
4903
669
8538
9080
8079
6195
3493
3162
9442
4377
6361
8424
4375
9182
9328
1286
6851
110
9427
7400
4645
3817
3685
9133
1564
9482
6199
258
3764
9074
4214
74
3295
6525
6255
8583
1698
2953
7093
6006
5034
3645
3421
9614
7086
8308
5159
1991
5308
1139
6828
933
1590
9497
778
5675
6680
3059
6367
6877
924
1794
700
9917
2615
3371
5786
6311
6456
5236
4730
2779
5043
9978
8711
8120
4201
4826
1001
4614
9262
598
2489
3829
4403
1396
5691
5277
1026
306
2287
52
8862
6211
175
2121
2438
3366
4791
3094
2621
3948
4229
8758
2584
1211
1226
8106
670
9651
9588
2719
2835
9548
130
9839
6067
7993
7340
1643
6841
1228
4067
3971
5249
5017
8869
9057
8950
5558
7023
9744
6137
1563
6251
8214
4897
6573
5445
9710
8374
9466
113
5336
2713
1694
9546
3455
3733
3281
2245
6491
3117
4610
2928
3391
3388
4901
6398
128
8761
6099
1897
1509
5590
1356
8800
2632
174
5757
1218
5707
5918
3842
2867
4804
3568
6400
7835
4240
9972
366
40
4322
9462
7847
5596
6088
512
3356
8527
3769
8772
7967
7178
3196
7621
7514
5374
8216
3968
9335
3129
6355
8416
6008
3455
2442
7914
9296
9646
4405
9390
8607
2594
7425
4087
8567
2537
8483
216
7689
8756
9960
881
2499
1157
5757
6285
671
367
8972
240
7649
3007
6377
1987
3827
9199
9765
8729
2385
7196
7534
3696
7796
177
432
259
7841
8266
8017
9394
7217
3668
6651
8499
1617
7273
304
6817
566
3280
4366
4540
1437
6348
5105
7326
9746
6485
151
1985
1218
8574
6737
5934
6014
7560
8449
6212
6309
2787
9279
9928
6336
1561
9479
9141
5428
9057
8552
5077
5663
4594
6295
3817
2240
1186
6983
3090
9261
4064
1117
4773
1205
9113
8254
409
6082
2217
8768
1413
8616
7497
3904
3079
2938
3496
6278
2773
1829
2395
3461
4165
8771
4786
5025
989
4133
5294
9289
2351
7610
1672
9112
5270
150
9238
9694
9918
2933
9082
831
1039
5379
9523
8687
6509
1450
362
6231
1111
8828
1929
845
8465
3902
5198
8211
7588
7756
1629
3999
324
2399
5902
2555
3938
7799
8737
9086
7380
4017
8063
3115
1568
9292
7875
1927
8729
1551
6613
1071
4133
8905
7147
8714
209
8766
4572
5740
6905
1922
3858
4722
9380
7153
318
7292
2276
670
7700
7683
8671
922
4207
4671
2273
6797
4930
1030
2426
9070
8528
4633
3700
5151
3033
4066
152
7698
1439
2409
6158
3282
1481
9784
474
4899
383
7456
6360
551
1
8345
1810
9761
9764
5209
4333
9227
7185
3334
6852
9654
3625
7798
1325
7400
7186
6324
2733
1946
3411
5211
2251
6164
571
369
4879
5392
493
6461
417
1934
9909
6729
6739
2741
7876
2919
4765
6723
8930
691
6724
7902
2961
8428
528
3130
2235
5344
4810
7121
5562
8294
6781
8620
3319
6625
3633
8108
3861
5007
3330
336
4904
4294
9526
5865
8924
8750
6904
1177
6862
726
6095
5806
7709
5497
5509
5800
7924
6532
8709
1393
8329
4075
3931
9514
1065
8151
6613
9078
9896
3371
8667
8640
3593
8200
456
8434
1297
4225
6097
4518
8485
4178
2672
3061
4656
5798
3923
342
5309
8148
5412
7921
6385
2873
9532
5229
7308
3032
357
2851
7126
9883
5955
1533
8776
7716
9343
3745
5072
6899
1128
1776
917
3497
6741
8649
8259
787
5638
8995
716
8296
7006
3980
4411
6095
8618
5446
9570
6206
640
2284
5021
7720
7419
5492
1698
8912
4335
8370
1508
4569
2135
9699
3895
5898
9108
5584
5314
172
5829
6073
9368
4206
4149
7301
3194
7745
4533
8235
6891
8523
366
7522
8889
593
4957
6689
3357
9994
6447
9120
1124
6730
7270
4884
7608
1526
7071
7551
2591
2850
4799
2654
4876
5336
4378
5297
1396
8594
3116
7878
4356
7597
5759
3901
8481
1646
8925
7762
3517
1130
1950
4033
3840
1538
3593
6001
3446
1289
562
8858
6672
5771
8386
7113
2146
7384
7631
5849
1175
2685
3846
4675
2209
6184
983
9288
5570
2234
2750
8810
9902
5164
1085
592
7026
2819
7120
1727
8255
1773
2531
6903
8572
5482
9399
7050
1879
8650
5098
2856
4123
9228
1796
655
5644
3825
5820
719
3533
9118
3781
2059
7922
9864
8473
2547
6790
8733
9937
6357
6465
4532
1797
1425
2020
7464
5680
9055
7365
9595
8356
2490
8404
3449
8095
6684
8508
6893
812
73
4776
3801
3692
8775
8873
7875
1161
2359
2624
7122
2277
5319
2170
4848
6670
8789
5838
660
6842
3938
5042
282
4358
2547
9509
4942
3009
1279
1298
2253
4899
4387
3798
9044
872
8728
3486
1096
1081
5289
5841
4148
3152
336
4822
4500
9388
26
3283
3554
1904
663
9802
5880
2609
7563
8451
2615
3785
1430
6289
8995
9506
7232
7494
6631
6548
4722
9562
8815
2407
5168
3726
4314
1833
9278
5861
5338
1190
7934
6184
6280
1725
5594
2352
9054
8093
8341
3954
7454
200
9906
4492
3792
3155
3316
9636
1701
4305
1780
9458
3740
407
5262
5419
8675
7005
1567
2159
2285
1738
7622
5740
671
7788
4440
8360
6816
36
634
2290
3853
2637
3894
1108
5218
3383
722
2778
8500
8409
4588
9824
4107
9536
8752
852
6260
519
6342
3269
2418
2832
2007
2381
7124
2199
2378
9743
569
6939
2470
583
784
9321
7341
4059
5130
5112
18
3204
9732
6948
7603
7017
5508
7883
4127
3056
9024
3770
9184
4385
8195
8180
2964
9557
5718
1450
3864
617
6037
7346
4869
4211
5757
320
4708
4613
583
8377
3130
702
4434
6310
5272
4140
4398
8586
286
8230
4028
8291
6354
1927
892
3853
1522
9955
3198
5768
4433
3000
8326
256
8125
6141
9157
7046
7935
4381
9762
649
5227
9229
2977
4518
3841
4888
1825
8839
6037
6714
4538
48
7356
7040
9278
2968
8721
9581
5499
5860
4018
9066
1588
3604
2400
1075
2012
3929
1654
4586
2899
4518
5575
315
4038
3806
7607
2172
8277
5145
7895
9126
2824
6190
6355
7718
4719
2919
6984
447
3478
1105
6322
890
3953
8524
8036
5217
8555
1907
8061
5954
7736
1789
6710
7777
3435
273
2796
3207
6154
3396
1196
9132
7375
7460
9520
3602
7417
7753
13
1445
4626
6118
7451
834
6728
117
9015
4582
3790
6888
5098
3021
7236
8499
318
5111
6974
4188
8415
6071
3342
3628
7149
8493
6302
7835
4239
2930
7434
591
1906
9414
6392
8423
5592
9366
6989
2381
1224
8449
9820
9212
5076
8133
1436
6022
566
8281
9821
5261
475
3314
5055
1016
5559
1048
2442
8477
130
8747
5911
9826
1823
7929
891
1697
3744
8885
489
6364
3895
594
6747
4072
1115
5773
3888
8184
1276
1260
6232
6777
8930
6957
612
1944
6169
4117
7317
6277
4587
5766
19
2298
3758
5413
9950
4682
1511
6866
8424
806
795
1742
4920
452
9270
7441
4810
5665
7390
7623
4453
4502
9325
4322
9406
7264
4279
1046
4967
2975
458
5313
9776
2148
6667
1663
4905
6342
9299
5546
48
4819
3784
6204
6047
1701
1839
8976
6355
8281
7031
4854
8117
5263
2703
7601
1771
7854
2474
647
4857
7376
2543
5043
9560
5548
8477
942
7834
1207
9299
1703
3449
6087
1190
376
6206
2190
1662
3873
4565
78
5262
7087
5560
3410
8440
9215
1487
1145
587
990
4746
6928
8563
6725
815
4419
4379
2782
4711
9177
5469
4159
3303
558
7201
6879
3737
3150
9180
7203
7693
1480
2199
5967
6854
3590
1851
931
7737
7758
7452
33
3629
7918
839
4175
1245
3152
3168
4484
4047
803
6393
7216
7716
6810
7360
1304
6331
1858
9875
2448
6182
6496
310
6778
1327
8989
8020
4508
4533
4389
5895
3237
4465
6524
8083
8644
6710
1396
6172
8973
1716
9044
8352
6723
2530
6132
7327
2575
5998
292
4107
7350
521
1748
3121
6049
3402
7611
2691
5822
2637
2992
7320
9055
8736
7542
3057
1475
4400
2240
2601
6324
1522
6867
2995
3265
1163
598
6250
7196
4464
992
4180
6362
4428
8424
8776
5018
5017
3242
3576
3073
6722
3280
7348
173
4848
5279
6551
379
5286
9024
673
7661
5370
6543
8449
458
1106
9411
8101
5816
6760
345
4001
973
6664
6305
9279
3978
3096
5343
4067
1285
272
833
4680
3707
1594
3744
9132
7807
7298
3231
4460
319
158
6059
681
4072
1942
9546
6585
3475
5178
2260
7099
791
3831
8081
6133
4771
5391
3832
461
1132
2532
1858
5796
7044
7227
9607
7114
6784
9310
8140
4921
9733
1301
919
9175
3578
9662
4504
4400
3726
8280
7148
6933
4029
4506
8182
9524
9310
613
1582
2428
7531
6793
7547
87
6403
5629
6832
5849
3480
6411
6676
926
4027
6466
4468
4660
9746
1417
1743
7920
1767
2055
8410
4660
7985
9854
9601
1194
6577
6527
235
5707
407
3109
1353
2604
4711
4893
603
6634
5335
673
9615
5793
6443
5735
7598
413
2191
9728
4412
3733
9871
9669
2268
9019
9135
4230
3199
6259
7994
827
6141
793
6133
7301
2180
4665
1594
4582
3791
9104
5043
7936
8528
4453
4805
3250
1830
3425
765
2161
5553
2611
1088
5245
6933
1396
7532
3737
273
6700
4284
5743
2187
4760
5825
4112
4773
2506
6821
4659
5250
7989
1602
4655
8599
487
7997
6432
2581
2511
629
5852
9052
6529
8374
3822
9443
8873
9209
6929
780
111
4801
4536
829
1020
7758
8493
9233
6198
5373
1072
3821
7113
4911
9854
4244
6883
3603
2761
8128
3018
338
7684
4283
807
2088
9839
2061
8269
6448
9377
1631
8914
901
4756
9555
4987
3845
8031
7286
3163
9952
4456
8374
565
8022
4464
9312
5862
4338
6235
8415
1221
3260
2955
4846
800
6192
4446
4361
7173
5850
7299
963
7906
8167
6626
5492
9187
8099
6852
8809
3641
1970
1282
2095
5874
8719
1605
6028
7431
2588
3025
1263
2420
4044
855
8916
4983
2958
5830
8703
8783
573
6948
3163
7577
4496
9775
125
227
6007
5217
5226
4996
6058
3355
9615
844
463
4057
968
2900
833
554
3020
1436
5137
5262
543
7705
9154
6204
5744
3059
5754
6293
1629
5213
7902
9821
4035
5810
8919
4649
3657
7255
4098
9154
3882
8295
3980
5327
2798
9954
3303
8856
5951
9570
3104
8637
1988
4284
9222
2980
3775
7779
3035
5734
4813
266
9897
9958
8531
3035
6701
4998
8989
9207
6117
9773
1385
2629
6102
275
833
9142
5578
4186
4715
5966
1283
6743
5100
9894
3906
2922
5701
2308
7714
3323
2612
6570
2441
6918
1702
7040
4332
4972
8621
1596
7206
5735
5537
6772
196
228
5776
7752
2031
1804
8714
1
8394
4862
1613
1554
3175
1321
9924
4344
8374
2380
9115
5146
1776
7324
226
4195
5016
7033
6490
4650
2303
9430
1493
4845
334
9970
7914
1831
7890
884
8494
5402
7699
6091
5106
7847
2349
3181
6432
1621
8914
1312
3340
580
54
6360
9555
450
4847
985
2560
844
2815
6016
5782
4145
3798
5612
5674
6861
4701
1397
9868
5873
6899
7076
2889
1149
9205
3774
1714
3456
7477
896
8390
1471
6213
13
3164
8843
3717
8111
3741
6592
2839
5084
9131
6281
8720
5205
8054
8572
3995
5499
5090
9171
8337
8454
5887
6564
4610
3039
1576
1735
1754
1893
9360
7560
3682
3781
4012
7490
5990
7080
6292
2887
957
2253
9209
2915
9328
296
8153
9653
4302
4291
8113
2400
6491
8559
4203
2762
632
4460
7648
2412
7284
2193
1552
5561
4647
5351
5115
226
2839
6483
7007
5056
4351
4928
1469
3859
1734
2796
2578
3719
5663
9730
6888
5107
2510
34
5838
2761
8118
5824
5708
6595
1415
8085
2829
6813
977
1695
6061
710
557
8968
4084
6682
6294
2963
6542
2678
9408
9428
562
7023
7156
8822
8168
7887
7459
7207
1203
6871
9057
8536
5405
6657
2815
6927
8930
5809
1837
8140
5820
4953
9693
142
1865
8193
9955
1644
6956
6865
9891
6396
9353
8336
9854
3715
9043
3075
1934
7154
346
5767
2241
3391
3955
5997
4651
8740
4296
1624
9364
1930
8216
6272
2350
5232
6277
7150
8976
197
3009
4683
3450
3488
1973
5622
2015
5623
4734
7169
4692
9792
8049
1249
3765
119
9525
9980
9123
8648
2706
4583
9299
5082
9531
1385
8465
981
6812
8921
8748
1679
9740
7035
4399
7182
9705
3786
4773
9193
9320
6856
3001
220
143
6740
1915
4441
1868
132
5560
9440
6778
5871
2011
5508
458
5452
6200
6292
7740
7992
1909
1077
1550
1107
7894
6449
9511
9819
8599
7861
928
6672
404
3247
9697
2360
4047
5182
9279
3397
5891
1331
873
2048
1432
3646
2326
8827
6216
5211
2069
3936
7025
2519
4976
857
5814
4813
1891
6455
4710
1056
7440
5023
3561
1341
6962
7629
6004
6342
5080
4408
2476
9861
4550
5903
6554
2904
6176
2921
7678
7482
3740
4997
3924
7440
854
2533
3517
3760
345
9997
2954
4014
6908
599
1813
586
5549
2000
7139
403
9435
4787
3563
720
6159
8210
3988
8752
7600
3489
7794
770
8550
7124
6418
3100
4923
7913
6736
9823
1852
2166
7996
117
2256
8675
6953
954
4039
3532
9876
4511
1275
5335
1142
8134
4112
3302
4298
7507
2533
8564
1299
3928
5973
6195
9840
7531
3772
6341
117
3471
6716
7983
5284
6934
3508
2737
5672
4528
9894
251
2237
6990
1014
6817
4664
3877
5142
4176
2983
3585
8128
9288
1388
9212
8079
9167
4486
3580
7588
6347
7403
8742
2609
2715
331
963
8019
4016
2841
5834
4652
7623
6590
9379
3580
8087
4686
7483
7736
7336
4656
9396
1141
6303
7381
8284
878
9964
866
6778
9755
8245
5005
8957
7639
4821
8076
6917
9160
8828
1252
2963
6982
4013
9946
1804
8578
7884
8167
8108
4986
8975
6749
4258
9060
8702
3235
1148
9537
4625
8218
2709
8658
5964
3373
896
2124
9574
2798
6092
625
7116
2673
9657
2906
2855
4639
1494
6329
7123
6439
8148
3306
1235
8447
4553
2764
5570
9539
7665
4913
337
3896
536
2892
3508
1205
2649
945
5276
7098
528
7856
2182
4762
7764
4615
2476
110
1636
3382
6272
5445
8655
9115
1891
2627
1379
3048
9918
4
7183
4960
3996
5823
480
8573
475
5324
1748
414
3069
7766
6772
4303
3053
4720
3224
8996
8439
5117
8137
8855
6522
1793
9405
9463
8195
5506
9616
5135
7137
6904
7182
347
3449
7582
4951
605
9213
4545
7649
5439
2626
5341
4887
3490
9841
6752
9671
9562
6904
3154
8018
3732
4290
3405
5301
8529
777
411
1291
6465
3752
4621
6397
8718
485
1961
1266
6206
1754
4184
9903
5025
7005
3899
8038
5735
9344
3452
894
7209
1443
7150
2043
8928
9185
2605
9861
4679
2463
8603
2235
300
7065
1296
5118
3308
4619
5046
555
8084
8717
1642
9103
8858
1263
4229
993
7521
590
7313
4934
1822
8821
7540
3904
1971
6429
4690
7687
2722
3583
5674
6572
3883
1853
2893
1995
7707
6417
9899
8576
4985
4560
5909
2824
4757
2407
6320
5631
7043
9650
5857
2806
6162
4606
9049
6719
79
1429
2913
1514
5808
7230
7265
2911
7502
5786
1345
5104
3653
3202
5228
8941
9590
3684
2219
107
2957
520
6506
1614
10000
5954
8557
9702
2771
2948
7907
637
467
8833
8703
6142
2211
4464
4542
8756
8195
690
3228
9834
3970
3094
3922
3964
1509
6560
3704
7647
7
5935
7161
441
7844
7190
4398
8708
9097
1884
4185
7519
5711
2070
2884
4735
6876
5887
6571
5330
440
9614
4113
9048
618
7155
3135
3262
8675
1685
2848
4530
2103
4482
11
4738
3641
6632
5396
9473
8295
8795
8028
4507
1859
4331
6258
7359
2483
6181
8279
8106
7293
9319
6234
4443
1818
9504
4250
6486
9107
7400
9394
8587
1834
7351
2899
6155
1703
9884
7862
7660
360
3574
7426
9161
263
4981
782
7064
8830
2891
3413
8343
4289
1296
700
3247
8200
7927
6861
9428
4968
5361
5782
2265
8226
5267
826
9837
5289
2689
2151
3904
2810
3213
8832
729
1883
9864
166
4290
5422
2345
2827
6247
3445
5192
5105
8461
2592
3800
8307
631
9518
4702
7958
5060
2843
7362
6446
2058
7765
1319
4141
4252
6931
5954
3380
5062
2634
1623
3144
4140
7015
3709
256
8460
2655
2110
332
9096
6602
1921
7832
1423
6945
3304
1584
9663
9574
8659
2051
7060
147
9300
6799
6719
6109
3474
824
1286
2866
47
1209
7452
2976
2396
5493
9833
6116
6269
6851
7557
6389
2576
3849
1524
6441
9192
7111
9207
2243
2079
567
7676
4134
6664
463
1576
242
6373
254
8492
4430
2491
3068
1644
4377
2100
5198
4254
1074
6947
2508
1500
6460
66
8789
6731
4334
6405
3252
7623
7207
7688
6784
4667
5623
5057
4665
6513
315
7812
3333
1299
3433
3184
8189
8128
6474
3033
3894
7262
7975
2763
8178
7568
7195
6704
3984
7664
5533
1954
6474
8962
4439
5104
6447
7444
2022
4914
2393
9436
4213
8384
3727
6880
9905
7494
4852
1029
5623
5197
3825
7608
6780
9660
7057
4102
1417
2806
1603
9915
5720
7022
3191
6402
5508
8985
8875
1631
2005
1209
9595
3757
2060
3545
4097
3139
7248
3468
870
9498
1056
7072
8436
9757
9843
5083
289
2941
1163
4293
9354
7833
467
5907
6584
1082
6930
9463
8110
323
2096
2283
948
8215
1160
4763
4853
3006
9058
9002
953
6648
1511
1274
6096
5090
7925
6486
802
17
4691
6193
2081
9086
8549
4112
3608
2553
1941
6369
9260
6298
6761
3519
6587
6333
3753
1571
7751
6353
9834
1482
3396
1516
5345
5706
8903
3411
7674
3894
6175
832
6903
1497
1217
132
7889
8371
7705
8137
9245
1125
6249
3612
2326
3697
4575
2661
1499
3947
5530
9807
5461
2727
5762
4832
8118
7128
7548
3043
7496
4006
13
7997
5358
7118
1303
7474
709
809
1625
1546
6520
4331
7968
9131
2459
1146
9923
9526
960
6086
967
1708
3585
2824
4354
9634
2688
5682
1460
5332
5180
8562
4472
2231
9312
224
7000
1144
3768
6018
4519
8805
1619
4394
9560
8042
7079
4218
5562
5786
8988
5805
1583
9192
965
5629
6562
6514
2780
1302
4675
4667
8325
2535
1514
9932
7384
6096
3092
7108
9252
1679
2000
5537
9650
5111
2050
58
5988
1905
1465
1515
7173
1937
9698
3145
9181
2472
1440
5165
1875
4617
9529
8860
8024
6011
6976
5206
5015
918
5455
4540
5978
3778
2857
7719
2246
1758
5948
8473
9354
4725
4693
1737
3569
2902
4750
98
7012
7569
9261
3627
4331
1178
3356
4583
1023
7872
70
8886
81
6586
9242
6801
18
1770
7936
3706
2024
1213
9465
2267
3119
5561
3952
925
7409
9447
4620
5553
9287
1457
7866
8208
1439
2254
4557
2208
2409
7136
1662
1649
2504
1390
7132
192
5908
5762
7539
8520
7596
3182
6202
821
5538
2864
3046
3448
2189
9824
2080
3970
5529
6925
543
3192
9855
2700
4440
8924
3000
9406
7529
8014
8958
4482
2195
6248
8307
1735
8908
1786
1345
1606
2762
6956
3773
6850
8802
8154
4538
3628
7051
9240
7026
537
2589
734
7393
4508
6368
2424
3720
9382
5282
9572
4472
115
5966
6712
6545
7200
5914
6307
5875
945
4136
6580
5613
679
5763
5853
8255
3983
14
5768
163
2135
6449
8653
5143
8760
3965
2634
3155
2778
4819
8601
4337
8368
4799
4818
9838
5215
7556
690
3531
3387
2003
3226
9051
4383
4104
2746
9497
204
7581
7262
9033
6442
5212
7868
470
2586
8436
3043
2099
4311
2868
624
8874
6788
5688
2432
762
4936
3097
3934
4863
7382
2989
9605
9013
6834
49
6527
6553
3258
3208
8590
1825
7494
1463
8991
2483
7788
1468
165
4344
8037
6163
2600
8384
6036
9609
6979
9607
3206
3533
962
1378
6982
6369
6254
6508
2750
5438
198
6375
7524
2566
5015
3531
1403
4691
9094
8386
764
1176
4366
2968
6911
2111
6751
5478
4546
3028
1359
6298
1867
5440
7924
7709
607
1440
4280
3461
8030
890
2455
7678
1226
7551
4580
2875
2237
4357
3603
7763
8111
3598
1827
2102
6479
6322
7946
9922
4276
2585
453
3441
918
7021
6178
8955
8328
5882
8570
8798
9115
2589
1568
1337
8794
4694
18
838
2805
2714
363
6906
4682
2286
2111
3036
7659
1757
3520
2665
4003
2619
8016
6672
8790
5253
507
291
4170
1378
6349
9662
2407
5622
4116
8690
7385
2843
110
3574
6375
616
7595
5458
9345
2771
4934
1482
2297
1792
1455
5052
5166
2027
4535
9110
2978
9245
9535
2782
914
9646
6703
1313
6998
366
5950
2615
1919
9692
9901
4467
4171
3563
671
6349
4900
7418
1766
4691
3781
7902
9515
439
9681
3578
2075
1469
3790
9079
6033
7598
9795
6576
4850
3775
4032
9974
2760
9264
9290
4217
8141
3993
3882
9605
5257
9109
3638
1064
6201
8929
9947
4149
856
8255
9014
3792
6856
583
4530
8246
8904
53
4477
7532
3767
9853
5678
8817
2126
5596
5938
2977
7249
9293
4719
6148
7557
9669
443
9155
1786
7533
7523
2845
9029
1004
4322
7234
8370
5845
4274
9313
9650
7109
3556
6251
6888
2695
7817
3512
8247
1559
149
4355
7982
4429
3043
6375
2114
6638
5988
7170
8874
1782
800
947
8114
3212
5815
3120
6553
8175
6682
9332
164
6317
4475
9915
4032
9602
888
54
8589
453
9039
2680
5915
7718
3470
2846
8258
8268
7109
2761
4240
5579
7810
6534
296
4440
2415
8191
4160
8603
6271
8645
7351
818
5283
7887
8737
7204
5275
3253
7835
5822
2078
3527
942
3533
5157
6655
4974
256
6780
4319
5188
6257
3297
7507
3068
2311
8254
3307
5394
9185
7516
679
1946
3668
3792
4713
4790
3463
9292
810
6982
8687
3272
9050
8651
9178
996
6566
6445
1519
9629
149
8913
2221
8619
4132
6609
7749
4331
1267
5972
997
8964
4260
3439
9754
6697
9949
6730
1776
4270
6380
5878
4323
8075
7980
9908
8703
7276
9142
7608
6719
9738
3251
3521
5711
3250
2760
7039
2994
4413
1714
4262
6641
7018
423
9013
4670
702
5477
1038
6494
4050
4399
1166
6598
7936
6312
7287
6045
6739
7037
2934
1507
9716
4796
5357
9237
5306
1372
6038
606
8613
1206
8262
4485
9469
761
4157
2092
4168
124
734
7595
2488
6259
4344
528
5166
2382
5878
2769
410
1597
537
191
4274
2717
5943
7921
3496
2885
9132
4346
9260
339
6198
3832
8401
7031
7380
6505
5358
5078
666
1995
2359
9931
9499
4889
6790
623
3038
7690
1735
5699
8238
6908
1652
4063
1185
2178
1346
5318
6890
6102
328
8356
6054
8983
8688
5047
1163
5352
7604
2893
4441
2063
1140
9584
7968
2157
5999
3455
655
9040
4015
8138
7139
6233
6905
2633
8181
1460
7045
9059
815
9397
3372
2875
4094
7172
9900
7921
3672
28
7589
4831
4305
5801
8177
5270
4341
532
3744
9211
8872
2265
5021
653
7407
1526
7676
4675
4036
1935
9681
8605
6379
1147
2417
8253
3921
860
2095
8919
431
8606
8963
15
3929
9497
6408
3420
7920
2923
7703
5579
901
2254
3491
8018
6395
3584
6054
9287
389
1958
4801
7199
2864
449
621
7530
3746
8390
5785
8144
1171
8782
3582
9740
1432
6291
3306
3522
1643
3734
7968
4994
8885
8656
728
4287
1642
1799
4809
5445
5863
8695
4746
2174
4010
9310
6363
423
7753
2462
2166
1071
8379
5196
6226
8356
7229
9234
6710
2402
4621
6390
2611
3006
4395
1757
5327
804
2527
5688
2638
2981
8239
2723
9209
3490
8833
4965
5755
4752
6663
4177
9856
875
560
416
371
6414
931
343
744
6214
7157
1899
6399
8961
4348
7736
226
9380
7040
3310
8684
4083
4443
7692
6573
5873
1721
3445
2143
4316
3010
8631
503
6981
7494
4757
326
7155
1986
2826
5778
3567
8775
9651
5499
7393
6493
6723
4950
2430
9792
9515
5825
2741
1998
5513
9186
9794
7592
9370
6985
533
1522
2129
5336
7777
153
9121
1228
5158
1515
4159
8712
5254
5847
2796
5747
7402
6219
7763
4858
6536
2474
388
9596
8582
4566
512
502
9294
8613
5516
8348
618
7724
9316
9617
4984
5816
1643
2068
1658
4382
9111
2396
648
7790
4372
1335
5697
7720
1607
2356
3372
725
7576
1346
3777
3085
6754
3165
9543
1638
7310
2158
2439
9293
2343
7969
3505
1448
1311
6222
6602
23
6768
6160
4617
633
6712
722
8145
1240
3433
570
8338
3058
3491
2722
8675
5551
579
5247
1891
7921
9772
9463
7500
8006
8422
3379
9508
2038
7714
881
5956
2646
7104
9986
7373
5789
9725
9248
6204
1930
1317
9212
4307
7834
5331
9649
6792
6472
6249
4546
6434
8001
9093
8400
6661
2686
9008
1864
1404
306
6063
4578
5158
3532
1730
6479
9969
3607
8826
6289
6700
6344
8259
2903
1801
6688
665
8206
279
4106
5929
4284
8501
1225
546
4819
3944
2822
3965
556
349
3854
6170
4731
8833
3947
1982
2150
3414
3673
1758
8992
2635
1601
4470
7859
5197
8902
292
9864
6798
3514
767
3538
4743
3749
6002
2101
6206
4448
5746
1420
3025
4749
7868
2508
1793
3972
3598
3579
7048
696
5839
4866
6949
4113
7141
7071
6537
3960
5257
8100
4206
9432
6098
6599
5921
6844
5101
6898
52
596
5608
1770
4801
199
9642
3336
7157
8996
8168
4173
8490
7179
3299
6492
8894
6602
3034
8767
3383
5495
1513
6426
9282
4220
4598
5765
1604
7103
924
5517
2374
9021
8946
2567
1844
8779
4730
9540
1465
4375
3221
1816
5256
5083
9319
6308
6696
5229
4881
3354
3292
4668
6160
1109
9311
3504
5475
5991
6725
3461
7691
9856
3146
9764
3594
2547
2817
9436
1900
5204
9947
9988
2234
4924
6486
6018
1928
6882
4601
1282
7939
2071
7294
5309
805
1426
3654
2536
6768
8959
825
3488
2096
7328
8609
258
6987
3922
5240
8827
9861
897
1293
4999
2619
1465
4755
5530
1832
6697
1081
734
1571
6890
8600
8047
234
4385
9372
9093
3596
3264
9691
8296
7544
3825
9641
8335
6269
504
1717
4650
6887
1477
4588
582
5860
8765
1308
8062
5729
1178
2119
8467
7573
7361
7699
8021
9082
239
6865
6364
5459
380
5619
2475
5561
5135
3167
7856
2100
2083
8739
2970
535
1509
6375
8224
5612
3182
4754
9111
6701
7757
4350
1897
3356
4527
7946
8733
6902
4796
5598
6487
2337
6299
1645
138
6880
1488
5732
5286
1060
8930
3313
6008
1339
3156
8785
8262
710
8753
1857
4463
9414
2749
6038
3783
4094
4943
7462
7123
1624
3777
108
6966
5381
2629
8022
5308
4905
5120
2617
3146
845
504
1797
3520
7348
8515
3914
3460
9901
4609
7278
4003
2706
8806
8506
207
8812
8864
6590
7535
6570
7643
8319
6118
9951
7060
5983
1315
1985
4971
9946
9305
2178
1638
6750
5408
8410
6092
7866
9326
8991
1179
95
4259
7597
514
9058
7562
4215
7968
8087
1515
7480
649
20
7666
7012
4526
3524
6619
25
9169
753
2374
2540
8411
9544
6983
9250
7749
8508
9135
2025
1539
9501
368
3418
1251
4244
3723
9744
3020
4463
2670
8281
3158
3590
4935
8754
8229
5290
3954
4514
2633
8712
3442
5032
3202
999
6799
9736
9941
7304
7100
4752
9771
6108
4634
8310
3687
6320
8006
918
8464
3976
4387
5032
5059
7396
9043
3886
1422
3526
9459
5414
5700
5376
3524
8366
6646
8397
4029
7535
5560
6494
7858
1848
58
8446
6328
9011
6767
4039
6464
4365
9649
9067
186
1000
3666
5719
143
1334
704
4945
8133
5429
5228
8045
9611
2486
177
8542
9629
9676
5734
471
7904
6374
4071
6057
1072
6606
8566
3789
5039
9041
4609
7731
5400
948
3711
3419
5117
1860
4739
1946
1462
9918
1569
3467
4758
8507
5931
8397
5654
6990
2000
1617
5982
1069
2561
9486
3299
3119
5121
546
380
2496
256
8283
69
677
8324
143
1591
2734
6516
413
7671
1342
8480
3323
4789
7399
4648
2215
6207
597
8873
5344
8182
6137
5218
6223
6455
9614
2044
530
5561
840
6030
1902
7986
266
3853
8703
8532
9440
3781
5485
4432
7530
9302
5550
8565
7809
6416
7386
3178
9465
6679
8188
5150
5143
6712
186
2631
3755
4202
1555
157
1608
4173
2223
180
8686
7690
3927
7263
9599
110
3236
9931
2111
8663
8753
2245
8843
4943
7652
4230
2612
3595
9488
1167
4314
1446
8440
5579
2508
3308
871
5023
3084
3436
4792
5579
7533
7479
4097
1434
3195
2140
7540
6072
8747
2288
9474
7755
9506
2931
2379
8847
8748
7845
4028
3670
8218
6775
6674
3670
3009
9175
6412
2077
9340
4043
9147
6957
9517
5204
5430
8586
1090
6243
433
6693
3139
149
3721
9394
8512
7612
108
7635
3840
6336
3737
9267
4794
7568
4690
2561
40
4169
913
362
3626
5008
7908
5125
5272
7654
7510
3298
7785
6075
9757
3354
4670
6714
8700
9998
6874
562
8801
2602
4571
5618
2567
7512
6624
181
3633
8405
2854
3552
6671
9875
232
969
190
149
7362
3791
2866
7887
8301
4578
8287
658
3688
8514
3097
4787
798
2057
9697
2705
1774
5500
6682
9817
8617
100
6098
1287
9993
811
8136
2407
2624
5691
5752
8918
3847
9531
9508
6531
4479
5807
8298
2276
4147
6038
7873
6592
9327
9112
1807
8289
3486
3144
5293
1359
919
565
6198
9808
5756
517
6094
3805
5194
7883
2230
973
4466
9
8035
725
1099
2144
9150
2211
3779
5680
8107
9270
9881
3099
56
2359
1212
8578
5329
8922
9796
8531
5400
4241
8985
4562
2848
7593
2059
3385
6864
2274
4374
8165
5518
8309
3365
4088
4661
1986
7656
5263
8389
6009
473
8372
9429
1900
9487
9006
5719
7528
5666
3049
3121
5563
8811
6522
1183
8978
5460
3616
3876
8444
7099
4515
6927
3324
5018
2710
4782
5123
1719
6049
2315
5055
4600
8976
225
3228
3124
8897
8475
3773
4957
8804
2747
2977
2194
8111
8000
3639
2657
3683
1985
3826
1640
7747
1539
7158
8487
7545
9667
8772
8333
7332
7359
5773
2300
6018
9232
3221
3299
6130
7472
2232
4122
1685
9823
662
6349
3203
4991
920
2368
8351
946
6619
3815
8192
9997
5867
4351
7113
3663
47
1136
9391
2390
890
3640
4549
481
7234
87
3725
8685
100
8168
3917
3867
3495
4767
4098
5570
8547
1304
7622
6503
7653
5273
7711
214
3590
613
4873
8630
538
1363
1649
175
5566
37
2385
1976
1497
2158
9714
4747
6654
2856
1740
6314
2387
7939
1008
3301
9030
1687
6892
9067
2748
1767
7111
9208
208
1660
8959
7654
1959
489
6645
8922
1608
5470
7094
4354
4299
1471
6230
5345
9385
6875
9334
3543
1183
3020
7178
2337
3107
8579
3591
8434
7729
8410
8351
7800
2190
7151
9318
4321
9136
8789
2896
2258
2253
1331
55
6348
4501
9288
384
8614
7109
6820
8258
3605
4683
5967
8461
5724
5149
927
4428
7344
635
8682
9200
5925
7013
975
1524
7842
5278
7996
7877
3355
8115
523
689
9562
2159
1345
4661
3619
3508
30
6462
8840
390
3938
6756
4308
166
7593
4726
4006
4998
7954
7468
9943
3122
7919
4973
6602
2647
9459
4986
9813
9846
8531
3243
7893
4533
9667
6992
3083
6227
1045
8957
5124
6413
7270
1320
6656
9907
2174
9076
5589
9583
3701
3314
8947
9739
2377
283
8523
192
7751
7022
4194
4845
573
9538
1675
6217
2971
1264
6503
4345
6037
8412
5981
5276
1512
5287
5409
6934
5504
3586
4726
2585
8026
2103
5792
3453
1292
665
6465
5159
3144
9349
2619
522
4639
9986
4859
6266
8424
2264
8399
5270
6379
9025
1984
3635
6691
1824
6823
8031
3777
7480
3250
5688
2068
6932
5729
7341
6597
9354
4290
7149
6362
5710
1823
6414
8604
3666
1707
9941
8438
9039
899
9418
5096
209
2602
9391
8499
5189
2620
300
2413
6371
969
4567
8137
6147
4729
1590
4946
8510
5800
4403
8674
4069
4897
6444
7035
6938
6386
3102
4805
552
1258
8069
5010
1554
869
3364
1519
8042
1374
8558
5840
6197
7161
7459
6915
3369
2347
2119
4510
443
8586
6062
799
9437
4350
122
9579
2615
6130
2649
957
9789
7149
6172
7805
2995
9015
2486
4992
9806
5807
5936
9766
112
6073
6484
5902
1734
1473
4037
6393
5049
9058
5565
8966
9836
3110
7257
1846
4847
6726
8424
3099
4919
7523
9401
826
5106
8448
1944
5156
4118
8374
7396
3552
4115
1217
5467
8482
6092
8238
9476
2762
9533
5713
5911
7268
6165
335
4353
5311
2475
3812
1852
3324
5400
7961
3943
8464
6890
4883
83
8232
6931
4192
1435
2481
5290
5413
3586
5489
3516
7061
4466
5510
1710
8443
1483
2822
1854
8157
1973
9199
8146
8409
5140
4897
8069
8038
4926
896
2933
8999
924
4038
6797
2813
3346
7224
3500
7823
1765
7348
2148
7031
9042
1705
8680
5376
6042
6076
9798
1621
7993
2594
2291
6402
715
6276
6945
7516
